100 101 4
101 100 4
101 102 2
102 101 2
102 103 2
103 102 2
103 104 2
104 103 2
104 105 5
105 104 5
105 106 5
106 105 5
106 107 4
107 106 4
107 108 3
108 107 3
108 109 2
109 108 2
109 110 3
110 109 3
110 111 3
111 110 3
111 112 2
112 111 2
112 113 3
113 112 3
113 114 2
114 113 2
114 115 2
115 114 2
115 116 2
116 115 2
116 117 2
117 116 2
117 118 3
118 117 3
118 119 2
119 118 2
119 120 3
120 119 3
120 121 2
121 120 2
121 122 1
122 121 1
122 123 2
123 122 2
123 124 3
124 123 3
124 125 2
125 124 2
125 126 2
126 125 2
126 127 2
127 126 2
127 128 2
128 127 2
128 129 2
129 128 2
129 130 2
130 129 2
130 131 1
131 130 1
131 132 3
132 131 3
132 133 2
133 132 2
133 134 3
134 133 3
134 135 2
135 134 2
135 136 3
136 135 3
136 137 2
137 136 2
137 138 2
138 137 2
138 139 2
139 138 2
139 140 3
140 139 3
140 141 1
141 140 1
141 142 2
142 141 2
142 143 3
143 142 3
143 144 2
144 143 2
144 145 3
145 144 3
145 146 2
146 145 2
146 147 3
147 146 3
147 148 2
148 147 2
148 149 2
149 148 2
149 150 2
150 149 2
150 151 3
151 150 3
151 152 2
152 151 2
152 153 3
153 152 3
153 154 2
154 153 2
154 155 3
155 154 3
155 156 2
156 155 2
156 157 1
157 156 1
157 158 1
158 157 1
158 159 2
159 158 2
159 160 4
160 159 4
160 161 4
161 160 4
141 P142 5
P142 141 5
P142 P143 4
P143 P142 4
P143 P144 3
P144 P143 3
P144 K410 5
K410 P144 5
P144 P145 3
P145 P144 3
P145 P146 2
P146 P145 2
P146 P147 3
P147 P146 3
P147 P148 3
P148 P147 3
P148 P149 3
P149 P148 3
P149 P150 3
P150 P149 3
P150 P151 1
P151 P150 1
P151 P152 2
P152 P151 2
P152 P153 4
P153 P152 4
P153 P154 3
P154 P153 3
P154 P155 4
P155 P154 4
P155 P156 4
P156 P155 4
P156 P157 4
P157 P156 4
P157 P157-1 3
P157-1 P157 3
P157 P158 4
P158 P157 4
P158 P159 4
P159 P158 4
P159 P160 4
P160 P159 4
P160 P161 3
P161 P160 3
P161 P162 4
P162 P161 4
P162 P163 3
P163 P162 3
P163 P164 4
P164 P163 4
P164 P165 3
P165 P164 3
P165 P166 7
P166 P165 7
P166 P167 5
P167 P166 5
P167 P168 4
P168 P167 4
P168 P169 3
P169 P168 3
P169 P170 2
P170 P169 2
P170 P171 2
P171 P170 2
P171 P172 2
P172 P171 2
P172 P174 4
P174 P172 4
P174 P176 4
P176 P174 4
P176 P177 4
P177 P176 4
201 202 2
202 201 2
202 203 2
203 202 2
203 204 1
204 203 1
204 205 2
205 204 2
205 206 2
206 205 2
206 207 2
207 206 2
207 208 1
208 207 1
208 209 2
209 208 2
209 210 2
210 209 2
210 211 1
211 210 1
211 212 2
212 211 2
212 213 3
213 212 3
213 214 1
214 213 1
214 215 2
215 214 2
215 216 3
216 215 3
216 217 2
217 216 2
217 218 2
218 217 2
218 219 2
219 218 2
219 220 2
220 219 2
220 221 1
221 220 1
221 222 2
222 221 2
222 223 2
223 222 2
223 224 2
224 223 2
224 225 2
225 224 2
225 226 3
226 225 3
226 227 2
227 226 2
227 228 2
228 227 2
228 229 2
229 228 2
229 230 2
230 229 2
230 231 2
231 230 2
231 232 2
232 231 2
232 233 2
233 232 2
233 234 3
234 233 3
234 235 2
235 234 2
235 236 2
236 235 2
236 237 2
237 236 2
237 238 4
238 237 4
238 239 2
239 238 2
239 240 2
240 239 2
240 241 2
241 240 2
241 242 2
242 241 2
242 243 2
243 242 2
243 201 3
201 243 3
211-0 211-1 3
211-1 211-0 3
211-1 211-2 2
211-2 211-1 2
211-2 211-3 2
211-3 211-2 2
211-3 211-4 2
211-4 211-3 2
234-0 234-1 2
234-1 234-0 2
234-1 234-2 3
234-2 234-1 3
234-2 234-3 4
234-3 234-2 4
234-3 234-4 3
234-4 234-3 3
310 311 2
311 310 2
311 312 3
312 311 3
312 313 2
313 312 2
313 314 2
314 313 2
314 315 4
315 314 4
315 316 3
316 315 3
316 317 3
317 316 3
317 318 5
318 317 5
318 319 3
319 318 3
319 320 4
320 319 4
320 321 2
321 320 2
321 322 2
322 321 2
322 323 2
323 322 2
323 324 3
324 323 3
324 325 2
325 324 2
325 326 2
326 325 2
326 327 2
327 326 2
327 328 2
328 327 2
328 329 2
329 328 2
329 330 2
330 329 2
330 331 1
331 330 1
331 332 3
332 331 3
332 333 1
333 332 1
333 334 1
334 333 1
334 335 2
335 334 2
335 336 2
336 335 2
336 337 3
337 336 3
337 338 2
338 337 2
338 339 2
339 338 2
339 340 2
340 339 2
340 341 2
341 340 2
341 342 3
342 341 3
342 343 2
343 342 2
343 344 2
344 343 2
344 345 2
345 344 2
345 346 1
346 345 1
346 347 2
347 346 2
347 348 2
348 347 2
348 349 3
349 348 3
349 350 3
350 349 3
350 351 2
351 350 2
351 352 1
352 351 1
409 410 2
410 409 2
410 411 2
411 410 2
411 412 2
412 411 2
412 413 2
413 412 2
413 414 3
414 413 3
414 415 2
415 414 2
415 416 2
416 415 2
416 417 2
417 416 2
417 418 3
418 417 3
418 419 2
419 418 2
419 420 2
420 419 2
420 421 2
421 420 2
421 422 2
422 421 2
422 423 2
423 422 2
423 424 1
424 423 1
424 425 2
425 424 2
425 426 2
426 425 2
426 427 2
427 426 2
427 428 2
428 427 2
428 429 1
429 428 1
429 430 2
430 429 2
430 431 4
431 430 4
431 432 3
432 431 3
432 433 2
433 432 2
433 434 2
434 433 2
434 435 2
435 434 2
435 436 3
436 435 3
436 437 2
437 436 2
437 438 2
438 437 2
438 439 2
439 438 2
439 440 3
440 439 3
440 441 4
441 440 4
441 442 2
442 441 2
442 443 3
443 442 3
443 444 4
444 443 4
444 445 2
445 444 2
445 446 3
446 445 3
446 447 3
447 446 3
447 448 4
448 447 4
448 449 4
449 448 4
449 450 2
450 449 2
450 451 2
451 450 2
451 452 3
452 451 3
452 453 2
453 452 2
453 454 3
454 453 3
454 455 4
455 454 4
455 456 2
456 455 2
510 511 2
511 510 2
511 512 2
512 511 2
512 513 2
513 512 2
513 514 2
514 513 2
514 515 2
515 514 2
515 516 2
516 515 2
516 517 2
517 516 2
517 518 2
518 517 2
518 519 2
519 518 2
519 520 1
520 519 1
520 521 2
521 520 2
521 522 2
522 521 2
522 523 1
523 522 1
523 524 2
524 523 2
524 525 2
525 524 2
525 526 2
526 525 2
526 527 2
527 526 2
527 528 2
528 527 2
528 529 2
529 528 2
529 530 2
530 529 2
530 531 2
531 530 2
531 532 2
532 531 2
532 533 2
533 532 2
533 534 2
534 533 2
534 535 2
535 534 2
535 536 2
536 535 2
536 537 2
537 536 2
537 538 1
538 537 1
538 539 2
539 538 2
539 540 1
540 539 1
540 541 2
541 540 2
541 542 2
542 541 2
542 543 2
543 542 2
543 544 3
544 543 3
544 545 2
545 544 2
545 546 2
546 545 2
546 547 3
547 546 3
547 548 1
548 547 1
548 549 2
549 548 2
549 550 2
550 549 2
550 551 2
551 550 2
551 552 2
552 551 2
552 553 2
553 552 2
548 P549 2
P549 548 2
P549 P550 2
P550 P549 2
P550 P551 2
P551 P550 2
P551 P552 2
P552 P551 2
P552 P553 2
P553 P552 2
P553 P554 2
P554 P553 2
P554 P555 2
P555 P554 2
610 611 2
611 612 2
612 613 2
613 614 2
614 615 2
615 610 2
610 616 2
616 610 2
616 617 2
617 616 2
617 618 1
618 617 1
618 619 2
619 618 2
619 620 2
620 619 2
620 621 2
621 620 2
621 622 1
622 621 1
622 623 2
623 622 2
623 624 2
624 623 2
624 625 2
625 624 2
625 626 2
626 625 2
626 627 2
627 626 2
627 628 2
628 627 2
628 629 2
629 628 2
629 630 1
630 629 1
630 631 2
631 630 2
631 632 2
632 631 2
632 633 2
633 632 2
633 634 2
634 633 2
634 635 1
635 634 1
635 636 2
636 635 2
636 637 2
637 636 2
637 638 1
638 637 1
638 639 2
639 638 2
639 640 2
640 639 2
640 641 2
641 640 2
641 642 1
642 641 1
642 643 2
643 642 2
643 644 2
644 643 2
644 645 2
645 644 2
645 646 2
646 645 2
646 647 2
647 646 2
709 710 4
710 709 4
710 711 3
711 710 3
711 712 3
712 711 3
712 713 2
713 712 2
713 714 2
714 713 2
714 715 1
715 714 1
715 716 2
716 715 2
716 717 2
717 716 2
717 718 1
718 717 1
718 719 2
719 718 2
719 720 3
720 719 3
720 721 1
721 720 1
721 722 2
722 721 2
722 723 2
723 722 2
723 724 2
724 723 2
724 725 1
725 724 1
725 726 2
726 725 2
726 727 2
727 726 2
727 728 2
728 727 2
728 729 3
729 728 3
729 730 2
730 729 2
730 731 2
731 730 2
731 732 2
732 731 2
732 733 1
733 732 1
733 734 2
734 733 2
734 735 3
735 734 3
735 736 2
736 735 2
736 737 2
737 736 2
737 738 3
738 737 3
738 739 2
739 738 2
739 740 2
740 739 2
740 741 2
741 740 2
741 742 2
742 741 2
742 743 1
743 742 1
743 744 3
744 743 3
744 745 2
745 744 2
745 746 2
746 745 2
746 747 2
747 746 2
747 748 3
748 747 3
748 749 2
749 748 2
749 750 3
750 749 3
750 751 3
751 750 3
751 752 2
752 751 2
752 753 2
753 752 2
753 754 2
754 753 2
754 755 2
755 754 2
755 756 2
756 755 2
756 757 2
757 756 2
757 758 2
758 757 2
758 759 2
759 758 2
810 811 2
811 810 2
811 812 2
812 811 2
812 813 2
813 812 2
813 814 2
814 813 2
814 815 2
815 814 2
815 816 1
816 815 1
816 817 2
817 816 2
817 818 1
818 817 1
818 819 2
819 818 2
819 820 2
820 819 2
820 821 4
821 820 4
821 822 2
822 821 2
822 823 2
823 822 2
823 824 1
824 823 1
824 825 2
825 824 2
825 826 2
826 825 2
901 902 5
902 901 5
902 903 2
903 902 2
903 904 2
904 903 2
904 906 4
906 904 4
906 907 3
907 906 3
907 908 2
908 907 2
908 909 2
909 908 2
909 910 3
910 909 3
910 911 2
911 910 2
911 912 3
912 911 3
912 913 2
913 912 2
913 914 3
914 913 3
914 915 2
915 914 2
915 916 2
916 915 2
916 917 3
917 916 3
917 918 3
918 917 3
918 919 3
919 918 3
919 920 3
920 919 3
920 921 3
921 920 3
921 922 2
922 921 2
922 923 2
923 922 2
923 924 3
924 923 3
924 925 3
925 924 3
I110 I111 2
I111 I110 2
I111 I112 4
I112 I111 4
I112 I113 2
I113 I112 2
I113 I114 2
I114 I113 2
I114 I115 2
I115 I114 2
I115 I116 2
I116 I115 2
I116 I117 2
I117 I116 2
I117 I118 2
I118 I117 2
I118 I119 2
I119 I118 2
I119 I120 1
I120 I119 1
I120 I121 2
I121 I120 2
I121 I122 2
I122 I121 2
I122 I123 2
I123 I122 2
I123 I124 2
I124 I123 2
I124 I125 2
I125 I124 2
I125 I126 2
I126 I125 2
I126 I127 2
I127 I126 2
I127 I128 2
I128 I127 2
I128 I129 2
I129 I128 2
I129 I130 2
I130 I129 2
I130 I131 2
I131 I130 2
I131 I132 2
I132 I131 2
I132 I133 2
I133 I132 2
I133 I134 1
I134 I133 1
I134 I135 2
I135 I134 2
I135 I136 1
I136 I135 1
I136 I137 1
I137 I136 1
I137 I138 1
I138 I137 1
K110 K111 4
K111 K110 4
K111 K112 3
K112 K111 3
K112 K113 3
K113 K112 3
K113 K114 3
K114 K113 3
K114 K115 3
K115 K114 3
K115 K116 2
K116 K115 2
K116 K117 4
K117 K116 4
K117 K118 3
K118 K117 3
K118 K119 3
K119 K118 3
K119 K120 2
K120 K119 2
K120 K121 1
K121 K120 1
K121 K122 3
K122 K121 3
K122 K123 4
K123 K122 4
K123 K124 3
K124 K123 3
K124 K125 4
K125 K124 4
K125 K126 3
K126 K125 3
K126 K127 3
K127 K126 3
K127 K128 5
K128 K127 5
K128 K129 5
K129 K128 5
K129 K130 2
K130 K129 2
K130 K131 4
K131 K130 4
K131 K132 4
K132 K131 4
K132 K133 5
K133 K132 5
K133 K134 5
K134 K133 5
K134 K135 3
K135 K134 3
K135 K136 5
K136 K135 5
K136 K137 5
K137 K136 5
K121 P123 6
P123 K121 6
P123 P124 2
P124 P123 2
P124 P125 3
P125 P124 3
P125 P126 4
P126 P125 4
P126 P127 4
P127 P126 4
P127 P128 4
P128 P127 4
P128 P130 6
P130 P128 6
P130 P131 6
P131 P130 6
P131 P132 7
P132 P131 7
P132 P133 5
P133 P132 5
P133 P134 6
P134 P133 6
P134 P135 5
P135 P134 5
P135 P136 4
P136 P135 4
P136 P137 5
P137 P136 5
P137 P138 6
P138 P137 6
P138 P139 6
P139 P138 6
P139 P140 4
P140 P139 4
K210 K211 3
K211 K210 3
K211 K212 2
K212 K211 2
K212 K213 2
K213 K212 2
K213 K214 2
K214 K213 2
K214 K215 2
K215 K214 2
K215 K216 2
K216 K215 2
K216 K217 2
K217 K216 2
K217 K218 2
K218 K217 2
K218 K219 3
K219 K218 3
K219 K220 2
K220 K219 2
K220 K221 4
K221 K220 4
K221 K222 5
K222 K221 5
K222 K223 3
K223 K222 3
K223 K224 2
K224 K223 2
K224 K225 2
K225 K224 2
K225 K226 3
K226 K225 3
K226 K227 3
K227 K226 3
K227 K228 3
K228 K227 3
K228 K229 2
K229 K228 2
K229 K230 2
K230 K229 2
K230 K231 3
K231 K230 3
K231 K232 3
K232 K231 3
K232 K233 3
K233 K232 3
K233 K234 2
K234 K233 2
K234 K235 3
K235 K234 3
K235 K236 3
K236 K235 3
K236 K237 3
K237 K236 3
K237 K238 3
K238 K237 3
K238 K239 3
K239 K238 3
K239 K240 2
K240 K239 2
K240 K241 2
K241 K240 2
K251 K252 3
K252 K251 3
K252 K253 2
K253 K252 2
K253 K254 2
K254 K253 2
K254 K255 2
K255 K254 2
K255 K256 2
K256 K255 2
K256 K257 2
K257 K256 2
K257 K258 2
K258 K257 2
K258 K259 3
K259 K258 3
P313 P314 7
P314 P313 7
P314 K315 4
K315 P314 4
K315 K316 3
K316 K315 3
K316 K317 2
K317 K316 2
K317 K318 4
K318 K317 4
K318 K320 4
K320 K318 4
K320 K321 3
K321 K320 3
K321 K322 3
K322 K321 3
K322 K323 3
K323 K322 3
K323 K324 3
K324 K323 3
K324 K325 3
K325 K324 3
K325 K326 3
K326 K325 3
K326 K327 3
K327 K326 3
K327 K329 5
K329 K327 5
K329 K330 4
K330 K329 4
K330 K331 3
K331 K330 3
K331 K333 5
K333 K331 5
K333 K334 3
K334 K333 3
K334 K335 5
K335 K334 5
K312 K313 3
K313 K312 3
K313 K314 2
K314 K313 2
K314 K315 3
K315 K314 3
A01 A02 4
A02 A01 4
A02 A03 3
A03 A02 3
A03 A04 3
A04 A03 3
A04 A05 11
A05 A04 11
A05 A06 6
A06 A05 6
A06 A07 6
A07 A06 6
A07 A08 14
A08 A07 14
A08 A09 4
A09 A08 4
A09 A10 3
A10 A09 3
D07 D08 2
D08 D07 2
D08 D09 3
D09 D08 3
D09 D10 3
D10 D09 3
D10 D11 7
D11 D10 7
D11 D12 4
D12 D11 4
U110 U111 2
U111 U110 2
U111 U112 2
U112 U111 2
U112 U113 2
U113 U112 2
U113 U114 2
U114 U113 2
U114 U115 2
U115 U114 2
U115 U117 2
U117 U115 2
U117 U118 2
U118 U117 2
U118 U119 2
U119 U118 2
U119 U120 1
U120 U119 1
U120 U121 1
U121 U120 1
U121 U122 1
U122 U121 1
U122 U123 2
U123 U122 2
U123 U124 2
U124 U123 2
U124 U125 1
U125 U124 1
Y110 Y111 2
Y111 Y110 2
Y111 Y112 2
Y112 Y111 2
Y112 Y113 2
Y113 Y112 2
Y113 Y114 2
Y114 Y113 2
Y114 Y115 2
Y115 Y114 2
Y115 Y116 5
Y116 Y115 5
Y116 Y117 2
Y117 Y116 2
Y117 Y118 2
Y118 Y117 2
Y118 Y119 2
Y119 Y118 2
Y119 Y120 2
Y120 Y119 2
Y120 Y121 2
Y121 Y120 2
Y121 Y122 3
Y122 Y121 3
Y122 Y123 2
Y123 Y122 2
Y123 Y124 5
Y124 Y123 5 
